"T2g" : [np.array([[1., 0., 0.],
       [0., 1., 0.],
       [0., 0., 1.]]), np.array([[-0.4472136 , -0.52573111,  0.7236068 ],
       [-0.85065081,  0.5       , -0.16245985],
       [-0.2763932 , -0.68819096, -0.67082039]]), np.array([[ 4.47213595e-01, -5.25731112e-01, -7.23606798e-01],
       [-2.77555756e-17,  8.09016994e-01, -5.87785252e-01],
       [ 8.94427191e-01,  2.62865556e-01,  3.61803399e-01]]), np.array([[ 4.47213595e-01, -6.38378239e-16,  8.94427191e-01],
       [-5.25731112e-01,  8.09016994e-01,  2.62865556e-01],
       [-7.23606798e-01, -5.87785252e-01,  3.61803399e-01]]), np.array([[-0.4472136 , -0.85065081, -0.2763932 ],
       [-0.52573111,  0.5       , -0.68819096],
       [ 0.7236068 , -0.16245985, -0.67082039]]), np.array([[-0.4472136 ,  0.52573111,  0.7236068 ],
       [ 0.85065081,  0.5       ,  0.16245985],
       [-0.2763932 ,  0.68819096, -0.67082039]]), np.array([[ 4.47213595e-01,  5.25731112e-01, -7.23606798e-01],
       [-8.32667268e-17,  8.09016994e-01,  5.87785252e-01],
       [ 8.94427191e-01, -2.62865556e-01,  3.61803399e-01]]), np.array([[ 4.47213595e-01, -6.93889390e-18,  8.94427191e-01],
       [ 5.25731112e-01,  8.09016994e-01, -2.62865556e-01],
       [-7.23606798e-01,  5.87785252e-01,  3.61803399e-01]]), np.array([[-0.4472136 ,  0.85065081, -0.2763932 ],
       [ 0.52573111,  0.5       ,  0.68819096],
       [ 0.7236068 ,  0.16245985, -0.67082039]]), np.array([[-0.4472136 , -0.52573111,  0.7236068 ],
       [ 0.52573111, -0.80901699, -0.26286556],
       [ 0.7236068 ,  0.26286556,  0.6381966 ]]), np.array([[ 0.4472136 ,  0.85065081,  0.2763932 ],
       [-0.85065081,  0.30901699,  0.4253254 ],
       [ 0.2763932 , -0.4253254 ,  0.8618034 ]]), np.array([[ 0.4472136 , -0.85065081,  0.2763932 ],
       [ 0.85065081,  0.30901699, -0.4253254 ],
       [ 0.2763932 ,  0.4253254 ,  0.8618034 ]]), np.array([[-0.4472136 ,  0.52573111,  0.7236068 ],
       [-0.52573111, -0.80901699,  0.26286556],
       [ 0.7236068 , -0.26286556,  0.6381966 ]]), np.array([[ 1.        ,  0.        ,  0.        ],
       [ 0.        , -0.80901699, -0.58778525],
       [ 0.        ,  0.58778525, -0.80901699]]), np.array([[ 1.00000000e+00, -4.99600361e-16,  1.33226763e-15],
       [-1.66533454e-15,  3.09016994e-01,  9.51056516e-01],
       [-7.21644966e-16, -9.51056516e-01,  3.09016994e-01]]), np.array([[ 1.00000000e+00,  9.71445147e-16,  9.43689571e-16],
       [ 8.60422844e-16,  3.09016994e-01, -9.51056516e-01],
       [-1.16573418e-15,  9.51056516e-01,  3.09016994e-01]]), np.array([[ 1.00000000e+00,  5.32907052e-15, -9.27036226e-15],
       [ 1.08524301e-14, -8.09016994e-01,  5.87785252e-01],
       [-2.55351296e-15, -5.87785252e-01, -8.09016994e-01]]), np.array([[-4.47213595e-01,  8.32667268e-16, -8.94427191e-01],
       [-8.50650808e-01, -3.09016994e-01,  4.25325404e-01],
       [-2.76393202e-01,  9.51056516e-01,  1.38196601e-01]]), np.array([[ 0.4472136 , -0.85065081,  0.2763932 ],
       [ 0.52573111,  0.5       ,  0.68819096],
       [-0.7236068 , -0.16245985,  0.67082039]]), np.array([[ 0.4472136 ,  0.52573111, -0.7236068 ],
       [-0.85065081,  0.5       , -0.16245985],
       [ 0.2763932 ,  0.68819096,  0.67082039]]), np.array([[-4.47213595e-01, -8.50650808e-01, -2.76393202e-01],
       [-1.27675648e-15, -3.09016994e-01,  9.51056516e-01],
       [-8.94427191e-01,  4.25325404e-01,  1.38196601e-01]]), np.array([[-4.47213595e-01,  8.50650808e-01, -2.76393202e-01],
       [ 2.05391260e-15, -3.09016994e-01, -9.51056516e-01],
       [-8.94427191e-01, -4.25325404e-01,  1.38196601e-01]]), np.array([[ 0.4472136 , -0.52573111, -0.7236068 ],
       [ 0.85065081,  0.5       ,  0.16245985],
       [ 0.2763932 , -0.68819096,  0.67082039]]), np.array([[ 0.4472136 ,  0.85065081,  0.2763932 ],
       [-0.52573111,  0.5       , -0.68819096],
       [-0.7236068 ,  0.16245985,  0.67082039]]), np.array([[-0.4472136 ,  0.        , -0.89442719],
       [ 0.85065081, -0.30901699, -0.4253254 ],
       [-0.2763932 , -0.95105652,  0.1381966 ]]), np.array([[ 4.47213595e-01,  8.50650808e-01,  2.76393202e-01],
       [ 5.25731112e-01,  1.11022302e-15, -8.50650808e-01],
       [-7.23606798e-01,  5.25731112e-01, -4.47213595e-01]]), np.array([[ 4.47213595e-01,  5.25731112e-01, -7.23606798e-01],
       [ 8.50650808e-01,  7.77156117e-16,  5.25731112e-01],
       [ 2.76393202e-01, -8.50650808e-01, -4.47213595e-01]]), np.array([[-4.47213595e-01, -5.25731112e-01,  7.23606798e-01],
       [ 8.50650808e-01, -9.64506253e-16,  5.25731112e-01],
       [-2.76393202e-01,  8.50650808e-01,  4.47213595e-01]]), np.array([[-4.47213595e-01,  8.50650808e-01, -2.76393202e-01],
       [-5.25731112e-01, -5.55111512e-16,  8.50650808e-01],
       [ 7.23606798e-01,  5.25731112e-01,  4.47213595e-01]]), np.array([[-4.47213595e-01,  5.25731112e-01,  7.23606798e-01],
       [-8.50650808e-01,  3.88578059e-16, -5.25731112e-01],
       [-2.76393202e-01, -8.50650808e-01,  4.47213595e-01]]), np.array([[-4.47213595e-01, -8.50650808e-01, -2.76393202e-01],
       [ 5.25731112e-01, -1.66533454e-16, -8.50650808e-01],
       [ 7.23606798e-01, -5.25731112e-01,  4.47213595e-01]]), np.array([[ 4.47213595e-01, -5.25731112e-01, -7.23606798e-01],
       [-8.50650808e-01,  5.55111512e-17, -5.25731112e-01],
       [ 2.76393202e-01,  8.50650808e-01, -4.47213595e-01]]), np.array([[ 4.47213595e-01, -8.50650808e-01,  2.76393202e-01],
       [-5.25731112e-01, -2.16493490e-15,  8.50650808e-01],
       [-7.23606798e-01, -5.25731112e-01, -4.47213595e-01]]), np.array([[ 0.4472136 , -0.52573111, -0.7236068 ],
       [ 0.52573111, -0.5       ,  0.68819096],
       [-0.7236068 , -0.68819096,  0.0527864 ]]), np.array([[ 0.4472136 ,  0.52573111, -0.7236068 ],
       [-0.52573111, -0.5       , -0.68819096],
       [-0.7236068 ,  0.68819096,  0.0527864 ]]), np.array([[-0.4472136 ,  0.85065081, -0.2763932 ],
       [-0.85065081, -0.5       , -0.16245985],
       [-0.2763932 ,  0.16245985,  0.9472136 ]]), np.array([[-0.4472136 , -0.85065081, -0.2763932 ],
       [ 0.85065081, -0.5       ,  0.16245985],
       [-0.2763932 , -0.16245985,  0.9472136 ]]), np.array([[-4.47213595e-01, -1.11022302e-16, -8.94427191e-01],
       [ 5.25731112e-01,  8.09016994e-01, -2.62865556e-01],
       [ 7.23606798e-01, -5.87785252e-01, -3.61803399e-01]]), np.array([[-4.47213595e-01,  5.25731112e-01,  7.23606798e-01],
       [-2.22044605e-16,  8.09016994e-01, -5.87785252e-01],
       [-8.94427191e-01, -2.62865556e-01, -3.61803399e-01]]), np.array([[-4.47213595e-01, -5.25731112e-01,  7.23606798e-01],
       [-1.44328993e-15,  8.09016994e-01,  5.87785252e-01],
       [-8.94427191e-01,  2.62865556e-01, -3.61803399e-01]]), np.array([[-4.47213595e-01,  4.71844785e-16, -8.94427191e-01],
       [-5.25731112e-01,  8.09016994e-01,  2.62865556e-01],
       [ 7.23606798e-01,  5.87785252e-01, -3.61803399e-01]]), np.array([[ 4.47213595e-01,  8.50650808e-01,  2.76393202e-01],
       [-1.94289029e-15, -3.09016994e-01,  9.51056516e-01],
       [ 8.94427191e-01, -4.25325404e-01, -1.38196601e-01]]), np.array([[ 4.47213595e-01,  8.60422844e-16,  8.94427191e-01],
       [ 8.50650808e-01, -3.09016994e-01, -4.25325404e-01],
       [ 2.76393202e-01,  9.51056516e-01, -1.38196601e-01]]), np.array([[ 4.47213595e-01, -8.50650808e-01,  2.76393202e-01],
       [-8.32667268e-17, -3.09016994e-01, -9.51056516e-01],
       [ 8.94427191e-01,  4.25325404e-01, -1.38196601e-01]]), np.array([[ 4.47213595e-01, -1.76247905e-15,  8.94427191e-01],
       [-8.50650808e-01, -3.09016994e-01,  4.25325404e-01],
       [ 2.76393202e-01, -9.51056516e-01, -1.38196601e-01]]), np.array([[-1.00000000e+00,  1.11022302e-16, -1.52655666e-15],
       [-2.16493490e-15,  3.09016994e-01,  9.51056516e-01],
       [ 3.60822483e-16,  9.51056516e-01, -3.09016994e-01]]), np.array([[ 0.4472136 , -0.85065081,  0.2763932 ],
       [-0.85065081, -0.5       , -0.16245985],
       [ 0.2763932 , -0.16245985, -0.9472136 ]]), np.array([[-1.00000000e+00,  6.93889390e-18,  1.11022302e-16],
       [-1.94289029e-16, -8.09016994e-01, -5.87785252e-01],
       [ 2.22044605e-16, -5.87785252e-01,  8.09016994e-01]]), np.array([[-0.4472136 ,  0.85065081, -0.2763932 ],
       [ 0.85065081,  0.30901699, -0.4253254 ],
       [-0.2763932 , -0.4253254 , -0.8618034 ]]), np.array([[-0.4472136 , -0.52573111,  0.7236068 ],
       [-0.52573111, -0.5       , -0.68819096],
       [ 0.7236068 , -0.68819096, -0.0527864 ]]), np.array([[ 0.4472136 , -0.52573111, -0.7236068 ],
       [-0.52573111, -0.80901699,  0.26286556],
       [-0.7236068 ,  0.26286556, -0.6381966 ]]), np.array([[-0.4472136 , -0.85065081, -0.2763932 ],
       [-0.85065081,  0.30901699,  0.4253254 ],
       [-0.2763932 ,  0.4253254 , -0.8618034 ]]), np.array([[-0.4472136 ,  0.52573111,  0.7236068 ],
       [ 0.52573111, -0.5       ,  0.68819096],
       [ 0.7236068 ,  0.68819096, -0.0527864 ]]), np.array([[ 0.4472136 ,  0.52573111, -0.7236068 ],
       [ 0.52573111, -0.80901699, -0.26286556],
       [-0.7236068 , -0.26286556, -0.6381966 ]]), np.array([[-1.00000000e+00, -1.05471187e-15, -1.60982339e-15],
       [ 1.11022302e-15,  3.09016994e-01, -9.51056516e-01],
       [ 1.99840144e-15, -9.51056516e-01, -3.09016994e-01]]), np.array([[ 0.4472136 ,  0.85065081,  0.2763932 ],
       [ 0.85065081, -0.5       ,  0.16245985],
       [ 0.2763932 ,  0.16245985, -0.9472136 ]]), np.array([[-1.00000000e+00, -2.22044605e-16, -1.01307851e-15],
       [-3.88578059e-16, -8.09016994e-01,  5.87785252e-01],
       [-1.55431223e-15,  5.87785252e-01,  8.09016994e-01]]), np.array([[ 4.47213595e-01,  7.41073869e-15,  8.94427191e-01],
       [ 7.38298311e-15, -1.00000000e+00,  5.83560977e-15],
       [ 8.94427191e-01,  2.33146835e-15, -4.47213595e-01]]), np.array([[-0.4472136 ,  0.        , -0.89442719],
       [ 0.        , -1.        ,  0.        ],
       [-0.89442719,  0.        ,  0.4472136 ]]), np.array([[-1.00000000e+00, -9.99200722e-16, -1.19348975e-15],
       [-1.30451205e-15,  1.00000000e+00,  4.44089210e-16],
       [ 1.27675648e-15,  1.05471187e-15, -1.00000000e+00]]), np.array([[1., 0., 0.],
       [0., 1., 0.],
       [0., 0., 1.]]), np.array([[ 4.47213595e-01, -6.38378239e-16,  8.94427191e-01],
       [-5.25731112e-01,  8.09016994e-01,  2.62865556e-01],
       [-7.23606798e-01, -5.87785252e-01,  3.61803399e-01]]), np.array([[-0.4472136 , -0.85065081, -0.2763932 ],
       [-0.52573111,  0.5       , -0.68819096],
       [ 0.7236068 , -0.16245985, -0.67082039]]), np.array([[-0.4472136 , -0.52573111,  0.7236068 ],
       [-0.85065081,  0.5       , -0.16245985],
       [-0.2763932 , -0.68819096, -0.67082039]]), np.array([[ 4.47213595e-01, -5.25731112e-01, -7.23606798e-01],
       [-2.77555756e-17,  8.09016994e-01, -5.87785252e-01],
       [ 8.94427191e-01,  2.62865556e-01,  3.61803399e-01]]), np.array([[ 4.47213595e-01, -6.93889390e-18,  8.94427191e-01],
       [ 5.25731112e-01,  8.09016994e-01, -2.62865556e-01],
       [-7.23606798e-01,  5.87785252e-01,  3.61803399e-01]]), np.array([[-0.4472136 ,  0.85065081, -0.2763932 ],
       [ 0.52573111,  0.5       ,  0.68819096],
       [ 0.7236068 ,  0.16245985, -0.67082039]]), np.array([[-0.4472136 ,  0.52573111,  0.7236068 ],
       [ 0.85065081,  0.5       ,  0.16245985],
       [-0.2763932 ,  0.68819096, -0.67082039]]), np.array([[ 4.47213595e-01,  5.25731112e-01, -7.23606798e-01],
       [-8.32667268e-17,  8.09016994e-01,  5.87785252e-01],
       [ 8.94427191e-01, -2.62865556e-01,  3.61803399e-01]]), np.array([[ 0.4472136 , -0.85065081,  0.2763932 ],
       [ 0.85065081,  0.30901699, -0.4253254 ],
       [ 0.2763932 ,  0.4253254 ,  0.8618034 ]]), np.array([[-0.4472136 ,  0.52573111,  0.7236068 ],
       [-0.52573111, -0.80901699,  0.26286556],
       [ 0.7236068 , -0.26286556,  0.6381966 ]]), np.array([[-0.4472136 , -0.52573111,  0.7236068 ],
       [ 0.52573111, -0.80901699, -0.26286556],
       [ 0.7236068 ,  0.26286556,  0.6381966 ]]), np.array([[ 0.4472136 ,  0.85065081,  0.2763932 ],
       [-0.85065081,  0.30901699,  0.4253254 ],
       [ 0.2763932 , -0.4253254 ,  0.8618034 ]]), np.array([[ 1.00000000e+00,  9.71445147e-16,  9.43689571e-16],
       [ 8.60422844e-16,  3.09016994e-01, -9.51056516e-01],
       [-1.16573418e-15,  9.51056516e-01,  3.09016994e-01]]), np.array([[ 1.00000000e+00,  5.32907052e-15, -9.27036226e-15],
       [ 1.08524301e-14, -8.09016994e-01,  5.87785252e-01],
       [-2.55351296e-15, -5.87785252e-01, -8.09016994e-01]]), np.array([[ 1.        ,  0.        ,  0.        ],
       [ 0.        , -0.80901699, -0.58778525],
       [ 0.        ,  0.58778525, -0.80901699]]), np.array([[ 1.00000000e+00, -4.99600361e-16,  1.33226763e-15],
       [-1.66533454e-15,  3.09016994e-01,  9.51056516e-01],
       [-7.21644966e-16, -9.51056516e-01,  3.09016994e-01]]), np.array([[ 0.4472136 ,  0.52573111, -0.7236068 ],
       [-0.85065081,  0.5       , -0.16245985],
       [ 0.2763932 ,  0.68819096,  0.67082039]]), np.array([[-4.47213595e-01, -8.50650808e-01, -2.76393202e-01],
       [-1.27675648e-15, -3.09016994e-01,  9.51056516e-01],
       [-8.94427191e-01,  4.25325404e-01,  1.38196601e-01]]), np.array([[-4.47213595e-01,  8.32667268e-16, -8.94427191e-01],
       [-8.50650808e-01, -3.09016994e-01,  4.25325404e-01],
       [-2.76393202e-01,  9.51056516e-01,  1.38196601e-01]]), np.array([[ 0.4472136 , -0.85065081,  0.2763932 ],
       [ 0.52573111,  0.5       ,  0.68819096],
       [-0.7236068 , -0.16245985,  0.67082039]]), np.array([[ 0.4472136 ,  0.85065081,  0.2763932 ],
       [-0.52573111,  0.5       , -0.68819096],
       [-0.7236068 ,  0.16245985,  0.67082039]]), np.array([[-0.4472136 ,  0.        , -0.89442719],
       [ 0.85065081, -0.30901699, -0.4253254 ],
       [-0.2763932 , -0.95105652,  0.1381966 ]]), np.array([[-4.47213595e-01,  8.50650808e-01, -2.76393202e-01],
       [ 2.05391260e-15, -3.09016994e-01, -9.51056516e-01],
       [-8.94427191e-01, -4.25325404e-01,  1.38196601e-01]]), np.array([[ 0.4472136 , -0.52573111, -0.7236068 ],
       [ 0.85065081,  0.5       ,  0.16245985],
       [ 0.2763932 , -0.68819096,  0.67082039]]), np.array([[ 4.47213595e-01,  5.25731112e-01, -7.23606798e-01],
       [ 8.50650808e-01,  7.77156117e-16,  5.25731112e-01],
       [ 2.76393202e-01, -8.50650808e-01, -4.47213595e-01]]), np.array([[ 4.47213595e-01,  8.50650808e-01,  2.76393202e-01],
       [ 5.25731112e-01,  1.11022302e-15, -8.50650808e-01],
       [-7.23606798e-01,  5.25731112e-01, -4.47213595e-01]]), np.array([[-4.47213595e-01,  8.50650808e-01, -2.76393202e-01],
       [-5.25731112e-01, -5.55111512e-16,  8.50650808e-01],
       [ 7.23606798e-01,  5.25731112e-01,  4.47213595e-01]]), np.array([[-4.47213595e-01, -5.25731112e-01,  7.23606798e-01],
       [ 8.50650808e-01, -9.64506253e-16,  5.25731112e-01],
       [-2.76393202e-01,  8.50650808e-01,  4.47213595e-01]]), np.array([[-4.47213595e-01, -8.50650808e-01, -2.76393202e-01],
       [ 5.25731112e-01, -1.66533454e-16, -8.50650808e-01],
       [ 7.23606798e-01, -5.25731112e-01,  4.47213595e-01]]), np.array([[-4.47213595e-01,  5.25731112e-01,  7.23606798e-01],
       [-8.50650808e-01,  3.88578059e-16, -5.25731112e-01],
       [-2.76393202e-01, -8.50650808e-01,  4.47213595e-01]]), np.array([[ 4.47213595e-01, -8.50650808e-01,  2.76393202e-01],
       [-5.25731112e-01, -2.16493490e-15,  8.50650808e-01],
       [-7.23606798e-01, -5.25731112e-01, -4.47213595e-01]]), np.array([[ 4.47213595e-01, -5.25731112e-01, -7.23606798e-01],
       [-8.50650808e-01,  5.55111512e-17, -5.25731112e-01],
       [ 2.76393202e-01,  8.50650808e-01, -4.47213595e-01]]), np.array([[ 0.4472136 ,  0.52573111, -0.7236068 ],
       [-0.52573111, -0.5       , -0.68819096],
       [-0.7236068 ,  0.68819096,  0.0527864 ]]), np.array([[ 0.4472136 , -0.52573111, -0.7236068 ],
       [ 0.52573111, -0.5       ,  0.68819096],
       [-0.7236068 , -0.68819096,  0.0527864 ]]), np.array([[-0.4472136 , -0.85065081, -0.2763932 ],
       [ 0.85065081, -0.5       ,  0.16245985],
       [-0.2763932 , -0.16245985,  0.9472136 ]]), np.array([[-0.4472136 ,  0.85065081, -0.2763932 ],
       [-0.85065081, -0.5       , -0.16245985],
       [-0.2763932 ,  0.16245985,  0.9472136 ]]), np.array([[-4.47213595e-01,  5.25731112e-01,  7.23606798e-01],
       [-2.22044605e-16,  8.09016994e-01, -5.87785252e-01],
       [-8.94427191e-01, -2.62865556e-01, -3.61803399e-01]]), np.array([[-4.47213595e-01, -1.11022302e-16, -8.94427191e-01],
       [ 5.25731112e-01,  8.09016994e-01, -2.62865556e-01],
       [ 7.23606798e-01, -5.87785252e-01, -3.61803399e-01]]), np.array([[-4.47213595e-01,  4.71844785e-16, -8.94427191e-01],
       [-5.25731112e-01,  8.09016994e-01,  2.62865556e-01],
       [ 7.23606798e-01,  5.87785252e-01, -3.61803399e-01]]), np.array([[-4.47213595e-01, -5.25731112e-01,  7.23606798e-01],
       [-1.44328993e-15,  8.09016994e-01,  5.87785252e-01],
       [-8.94427191e-01,  2.62865556e-01, -3.61803399e-01]]), np.array([[ 4.47213595e-01,  8.60422844e-16,  8.94427191e-01],
       [ 8.50650808e-01, -3.09016994e-01, -4.25325404e-01],
       [ 2.76393202e-01,  9.51056516e-01, -1.38196601e-01]]), np.array([[ 4.47213595e-01,  8.50650808e-01,  2.76393202e-01],
       [-1.94289029e-15, -3.09016994e-01,  9.51056516e-01],
       [ 8.94427191e-01, -4.25325404e-01, -1.38196601e-01]]), np.array([[ 4.47213595e-01, -1.76247905e-15,  8.94427191e-01],
       [-8.50650808e-01, -3.09016994e-01,  4.25325404e-01],
       [ 2.76393202e-01, -9.51056516e-01, -1.38196601e-01]]), np.array([[ 4.47213595e-01, -8.50650808e-01,  2.76393202e-01],
       [-8.32667268e-17, -3.09016994e-01, -9.51056516e-01],
       [ 8.94427191e-01,  4.25325404e-01, -1.38196601e-01]]), np.array([[-1.00000000e+00,  1.11022302e-16, -1.52655666e-15],
       [-2.16493490e-15,  3.09016994e-01,  9.51056516e-01],
       [ 3.60822483e-16,  9.51056516e-01, -3.09016994e-01]]), np.array([[ 0.4472136 , -0.85065081,  0.2763932 ],
       [-0.85065081, -0.5       , -0.16245985],
       [ 0.2763932 , -0.16245985, -0.9472136 ]]), np.array([[-1.00000000e+00,  6.93889390e-18,  1.11022302e-16],
       [-1.94289029e-16, -8.09016994e-01, -5.87785252e-01],
       [ 2.22044605e-16, -5.87785252e-01,  8.09016994e-01]]), np.array([[-0.4472136 ,  0.85065081, -0.2763932 ],
       [ 0.85065081,  0.30901699, -0.4253254 ],
       [-0.2763932 , -0.4253254 , -0.8618034 ]]), np.array([[-0.4472136 , -0.52573111,  0.7236068 ],
       [-0.52573111, -0.5       , -0.68819096],
       [ 0.7236068 , -0.68819096, -0.0527864 ]]), np.array([[ 0.4472136 , -0.52573111, -0.7236068 ],
       [-0.52573111, -0.80901699,  0.26286556],
       [-0.7236068 ,  0.26286556, -0.6381966 ]]), np.array([[-0.4472136 , -0.85065081, -0.2763932 ],
       [-0.85065081,  0.30901699,  0.4253254 ],
       [-0.2763932 ,  0.4253254 , -0.8618034 ]]), np.array([[-0.4472136 ,  0.52573111,  0.7236068 ],
       [ 0.52573111, -0.5       ,  0.68819096],
       [ 0.7236068 ,  0.68819096, -0.0527864 ]]), np.array([[ 0.4472136 ,  0.52573111, -0.7236068 ],
       [ 0.52573111, -0.80901699, -0.26286556],
       [-0.7236068 , -0.26286556, -0.6381966 ]]), np.array([[-1.00000000e+00, -1.05471187e-15, -1.60982339e-15],
       [ 1.11022302e-15,  3.09016994e-01, -9.51056516e-01],
       [ 1.99840144e-15, -9.51056516e-01, -3.09016994e-01]]), np.array([[ 0.4472136 ,  0.85065081,  0.2763932 ],
       [ 0.85065081, -0.5       ,  0.16245985],
       [ 0.2763932 ,  0.16245985, -0.9472136 ]]), np.array([[-1.00000000e+00, -2.22044605e-16, -1.01307851e-15],
       [-3.88578059e-16, -8.09016994e-01,  5.87785252e-01],
       [-1.55431223e-15,  5.87785252e-01,  8.09016994e-01]]), np.array([[ 4.47213595e-01,  7.41073869e-15,  8.94427191e-01],
       [ 7.38298311e-15, -1.00000000e+00,  5.83560977e-15],
       [ 8.94427191e-01,  2.33146835e-15, -4.47213595e-01]]), np.array([[-0.4472136 ,  0.        , -0.89442719],
       [ 0.        , -1.        ,  0.        ],
       [-0.89442719,  0.        ,  0.4472136 ]]), np.array([[-1.00000000e+00, -9.99200722e-16, -1.19348975e-15],
       [-1.30451205e-15,  1.00000000e+00,  4.44089210e-16],
       [ 1.27675648e-15,  1.05471187e-15, -1.00000000e+00]])],

"Gg" : [np.array([[1., 0., 0., 0.],
       [0., 1., 0., 0.],
       [0., 0., 1., 0.],
       [0., 0., 0., 1.]]), np.array([[-0.5       ,  0.16245985, -0.80901699,  0.26286556],
       [ 0.68819096, -0.2236068 , -0.26286556,  0.6381966 ],
       [ 0.30901699, -0.4253254 , -0.5       , -0.68819096],
       [-0.4253254 , -0.8618034 ,  0.16245985,  0.2236068 ]]), np.array([[ 3.01227046e-16,  4.12548960e-16,  8.09016994e-01,
         5.87785252e-01],
       [-8.50650808e-01, -2.76393202e-01, -2.62865556e-01,
         3.61803399e-01],
       [-3.09016994e-01,  9.51056516e-01,  1.29116981e-17,
         6.38510148e-17],
       [-4.25325404e-01, -1.38196601e-01,  5.25731112e-01,
        -7.23606798e-01]]), np.array([[ 1.48571380e-16, -8.50650808e-01, -3.09016994e-01,
        -4.25325404e-01],
       [-8.68527256e-16, -2.76393202e-01,  9.51056516e-01,
        -1.38196601e-01],
       [ 8.09016994e-01, -2.62865556e-01, -6.57706907e-17,
         5.25731112e-01],
       [ 5.87785252e-01,  3.61803399e-01,  6.16119167e-16,
        -7.23606798e-01]]), np.array([[-0.5       ,  0.68819096,  0.30901699, -0.4253254 ],
       [ 0.16245985, -0.2236068 , -0.4253254 , -0.8618034 ],
       [-0.80901699, -0.26286556, -0.5       ,  0.16245985],
       [ 0.26286556,  0.6381966 , -0.68819096,  0.2236068 ]]), np.array([[-0.5       , -0.16245985, -0.80901699, -0.26286556],
       [-0.68819096, -0.2236068 ,  0.26286556,  0.6381966 ],
       [ 0.30901699,  0.4253254 , -0.5       ,  0.68819096],
       [ 0.4253254 , -0.8618034 , -0.16245985,  0.2236068 ]]), np.array([[ 4.75218962e-17, -2.97372151e-16,  8.09016994e-01,
        -5.87785252e-01],
       [ 8.50650808e-01, -2.76393202e-01,  2.62865556e-01,
         3.61803399e-01],
       [-3.09016994e-01, -9.51056516e-01, -1.57448107e-17,
         2.20149600e-16],
       [ 4.25325404e-01, -1.38196601e-01, -5.25731112e-01,
        -7.23606798e-01]]), np.array([[ 3.15015629e-17,  8.50650808e-01, -3.09016994e-01,
         4.25325404e-01],
       [-1.25657780e-16, -2.76393202e-01, -9.51056516e-01,
        -1.38196601e-01],
       [ 8.09016994e-01,  2.62865556e-01, -8.37128761e-17,
        -5.25731112e-01],
       [-5.87785252e-01,  3.61803399e-01,  1.45569577e-17,
        -7.23606798e-01]]), np.array([[-0.5       , -0.68819096,  0.30901699,  0.4253254 ],
       [-0.16245985, -0.2236068 ,  0.4253254 , -0.8618034 ],
       [-0.80901699,  0.26286556, -0.5       , -0.16245985],
       [-0.26286556,  0.6381966 ,  0.68819096,  0.2236068 ]]), np.array([[-8.09016994e-01,  2.62865556e-01,  1.39985330e-15,
        -5.25731112e-01],
       [-2.62865556e-01,  8.54101966e-02, -8.50650808e-01,
         4.47213595e-01],
       [ 2.87547996e-15,  8.50650808e-01,  3.09016994e-01,
         4.25325404e-01],
       [ 5.25731112e-01,  4.47213595e-01, -4.25325404e-01,
        -5.85410197e-01]]), np.array([[ 3.09016994e-01, -4.25325404e-01, -7.12858162e-16,
         8.50650808e-01],
       [ 4.25325404e-01, -5.85410197e-01, -5.25731112e-01,
        -4.47213595e-01],
       [ 8.96770294e-16,  5.25731112e-01, -8.09016994e-01,
         2.62865556e-01],
       [-8.50650808e-01, -4.47213595e-01, -2.62865556e-01,
         8.54101966e-02]]), np.array([[ 3.09016994e-01,  4.25325404e-01, -1.66086746e-16,
        -8.50650808e-01],
       [-4.25325404e-01, -5.85410197e-01,  5.25731112e-01,
        -4.47213595e-01],
       [-1.49466350e-16, -5.25731112e-01, -8.09016994e-01,
        -2.62865556e-01],
       [ 8.50650808e-01, -4.47213595e-01,  2.62865556e-01,
         8.54101966e-02]]), np.array([[-8.09016994e-01, -2.62865556e-01, -8.20704803e-16,
         5.25731112e-01],
       [ 2.62865556e-01,  8.54101966e-02,  8.50650808e-01,
         4.47213595e-01],
       [-3.18044632e-16, -8.50650808e-01,  3.09016994e-01,
        -4.25325404e-01],
       [-5.25731112e-01,  4.47213595e-01,  4.25325404e-01,
        -5.85410197e-01]]), np.array([[ 0.30901699,  0.95105652,  0.        ,  0.        ],
       [-0.95105652,  0.30901699,  0.        ,  0.        ],
       [ 0.        ,  0.        , -0.80901699,  0.58778525],
       [ 0.        ,  0.        , -0.58778525, -0.80901699]]), np.array([[-8.09016994e-01,  5.87785252e-01,  4.44923989e-17,
        -1.40515340e-16],
       [-5.87785252e-01, -8.09016994e-01, -1.03140102e-15,
         6.93600596e-16],
       [-1.09705092e-15, -7.89156614e-16,  3.09016994e-01,
        -9.51056516e-01],
       [-8.45216490e-16, -5.64964391e-16,  9.51056516e-01,
         3.09016994e-01]]), np.array([[-8.09016994e-01, -5.87785252e-01, -1.06579548e-16,
         1.06302223e-15],
       [ 5.87785252e-01, -8.09016994e-01, -6.89373994e-17,
        -4.56444807e-16],
       [ 7.16477658e-16,  5.60234555e-16,  3.09016994e-01,
         9.51056516e-01],
       [ 3.69124024e-16,  1.79776580e-16, -9.51056516e-01,
         3.09016994e-01]]), np.array([[ 3.09016994e-01, -9.51056516e-01, -1.05837177e-15,
        -1.94622937e-15],
       [ 9.51056516e-01,  3.09016994e-01, -5.20709710e-15,
        -2.16142745e-15],
       [-7.60132864e-15, -2.50518836e-15, -8.09016994e-01,
        -5.87785252e-01],
       [ 1.87670471e-15,  2.17138355e-15,  5.87785252e-01,
        -8.09016994e-01]]), np.array([[-1.32232038e-18,  5.25731112e-01,  8.09016994e-01,
         2.62865556e-01],
       [ 4.16519768e-16, -7.23606798e-01,  5.87785252e-01,
        -3.61803399e-01],
       [-3.09016994e-01, -4.25325404e-01, -2.82149697e-16,
         8.50650808e-01],
       [-9.51056516e-01,  1.38196601e-01,  1.06093824e-16,
        -2.76393202e-01]]), np.array([[-0.5       , -0.68819096,  0.30901699,  0.4253254 ],
       [ 0.16245985,  0.2236068 , -0.4253254 ,  0.8618034 ],
       [-0.80901699,  0.26286556, -0.5       , -0.16245985],
       [ 0.26286556, -0.6381966 , -0.68819096, -0.2236068 ]]), np.array([[-0.5       ,  0.16245985, -0.80901699,  0.26286556],
       [-0.68819096,  0.2236068 ,  0.26286556, -0.6381966 ],
       [ 0.30901699, -0.4253254 , -0.5       , -0.68819096],
       [ 0.4253254 ,  0.8618034 , -0.16245985, -0.2236068 ]]), np.array([[-6.41338207e-16, -6.88300022e-16, -3.09016994e-01,
        -9.51056516e-01],
       [ 5.25731112e-01, -7.23606798e-01, -4.25325404e-01,
         1.38196601e-01],
       [ 8.09016994e-01,  5.87785252e-01,  5.47320995e-16,
        -9.57394334e-16],
       [ 2.62865556e-01, -3.61803399e-01,  8.50650808e-01,
        -2.76393202e-01]]), np.array([[ 1.54894364e-15,  6.74015841e-16, -3.09016994e-01,
         9.51056516e-01],
       [-5.25731112e-01, -7.23606798e-01,  4.25325404e-01,
         1.38196601e-01],
       [ 8.09016994e-01, -5.87785252e-01, -1.49273480e-16,
        -3.92392666e-16],
       [-2.62865556e-01, -3.61803399e-01, -8.50650808e-01,
        -2.76393202e-01]]), np.array([[-0.5       , -0.16245985, -0.80901699, -0.26286556],
       [ 0.68819096,  0.2236068 , -0.26286556, -0.6381966 ],
       [ 0.30901699,  0.4253254 , -0.5       ,  0.68819096],
       [-0.4253254 ,  0.8618034 ,  0.16245985, -0.2236068 ]]), np.array([[-0.5       ,  0.68819096,  0.30901699, -0.4253254 ],
       [-0.16245985,  0.2236068 ,  0.4253254 ,  0.8618034 ],
       [-0.80901699, -0.26286556, -0.5       ,  0.16245985],
       [-0.26286556, -0.6381966 ,  0.68819096, -0.2236068 ]]), np.array([[ 0.        , -0.52573111,  0.80901699, -0.26286556],
       [ 0.        , -0.7236068 , -0.58778525, -0.3618034 ],
       [-0.30901699,  0.4253254 ,  0.        , -0.85065081],
       [ 0.95105652,  0.1381966 ,  0.        , -0.2763932 ]]), np.array([[ 0.5       , -0.68819096, -0.5       , -0.16245985],
       [-0.16245985,  0.2236068 , -0.16245985, -0.9472136 ],
       [-0.5       , -0.68819096,  0.5       , -0.16245985],
       [ 0.68819096,  0.0527864 ,  0.68819096, -0.2236068 ]]), np.array([[ 0.5       , -0.16245985, -0.5       ,  0.68819096],
       [-0.68819096,  0.2236068 , -0.68819096,  0.0527864 ],
       [-0.5       , -0.16245985,  0.5       ,  0.68819096],
       [-0.16245985, -0.9472136 , -0.16245985, -0.2236068 ]]), np.array([[ 0.5       , -0.16245985, -0.5       ,  0.68819096],
       [ 0.68819096, -0.2236068 ,  0.68819096, -0.0527864 ],
       [-0.5       , -0.16245985,  0.5       ,  0.68819096],
       [ 0.16245985,  0.9472136 ,  0.16245985,  0.2236068 ]]), np.array([[ 0.5       ,  0.68819096, -0.5       ,  0.16245985],
       [-0.16245985, -0.2236068 , -0.16245985,  0.9472136 ],
       [-0.5       ,  0.68819096,  0.5       ,  0.16245985],
       [ 0.68819096, -0.0527864 ,  0.68819096,  0.2236068 ]]), np.array([[ 0.5       ,  0.16245985, -0.5       , -0.68819096],
       [-0.68819096, -0.2236068 , -0.68819096, -0.0527864 ],
       [-0.5       ,  0.16245985,  0.5       , -0.68819096],
       [-0.16245985,  0.9472136 , -0.16245985,  0.2236068 ]]), np.array([[ 0.5       , -0.68819096, -0.5       , -0.16245985],
       [ 0.16245985, -0.2236068 ,  0.16245985,  0.9472136 ],
       [-0.5       , -0.68819096,  0.5       , -0.16245985],
       [-0.68819096, -0.0527864 , -0.68819096,  0.2236068 ]]), np.array([[ 0.5       ,  0.16245985, -0.5       , -0.68819096],
       [ 0.68819096,  0.2236068 ,  0.68819096,  0.0527864 ],
       [-0.5       ,  0.16245985,  0.5       , -0.68819096],
       [ 0.16245985, -0.9472136 ,  0.16245985, -0.2236068 ]]), np.array([[ 0.5       ,  0.68819096, -0.5       ,  0.16245985],
       [ 0.16245985,  0.2236068 ,  0.16245985, -0.9472136 ],
       [-0.5       ,  0.68819096,  0.5       ,  0.16245985],
       [-0.68819096,  0.0527864 , -0.68819096, -0.2236068 ]]), np.array([[ 0.80901699,  0.26286556,  0.5       , -0.16245985],
       [-0.26286556, -0.0854102 ,  0.68819096,  0.67082039],
       [ 0.5       , -0.68819096, -0.30901699,  0.4253254 ],
       [ 0.16245985,  0.67082039, -0.4253254 ,  0.5854102 ]]), np.array([[ 0.80901699, -0.26286556,  0.5       ,  0.16245985],
       [ 0.26286556, -0.0854102 , -0.68819096,  0.67082039],
       [ 0.5       ,  0.68819096, -0.30901699, -0.4253254 ],
       [-0.16245985,  0.67082039,  0.4253254 ,  0.5854102 ]]), np.array([[-0.30901699, -0.4253254 ,  0.5       , -0.68819096],
       [ 0.4253254 ,  0.5854102 , -0.16245985, -0.67082039],
       [ 0.5       ,  0.16245985,  0.80901699,  0.26286556],
       [ 0.68819096, -0.67082039, -0.26286556, -0.0854102 ]]), np.array([[-0.30901699,  0.4253254 ,  0.5       ,  0.68819096],
       [-0.4253254 ,  0.5854102 ,  0.16245985, -0.67082039],
       [ 0.5       , -0.16245985,  0.80901699, -0.26286556],
       [-0.68819096, -0.67082039,  0.26286556, -0.0854102 ]]), np.array([[ 4.05788891e-16,  8.50650808e-01, -3.09016994e-01,
         4.25325404e-01],
       [-7.96101182e-17,  2.76393202e-01,  9.51056516e-01,
         1.38196601e-01],
       [ 8.09016994e-01,  2.62865556e-01, -1.71393935e-17,
        -5.25731112e-01],
       [ 5.87785252e-01, -3.61803399e-01,  4.52860103e-16,
         7.23606798e-01]]), np.array([[ 3.01828621e-16,  1.07777348e-15,  8.09016994e-01,
         5.87785252e-01],
       [ 8.50650808e-01,  2.76393202e-01,  2.62865556e-01,
        -3.61803399e-01],
       [-3.09016994e-01,  9.51056516e-01,  1.58125493e-16,
        -2.17796237e-16],
       [ 4.25325404e-01,  1.38196601e-01, -5.25731112e-01,
         7.23606798e-01]]), np.array([[-1.41440418e-15, -1.08271097e-15,  8.09016994e-01,
        -5.87785252e-01],
       [-8.50650808e-01,  2.76393202e-01, -2.62865556e-01,
        -3.61803399e-01],
       [-3.09016994e-01, -9.51056516e-01, -9.45626027e-16,
         7.02290286e-16],
       [-4.25325404e-01,  1.38196601e-01,  5.25731112e-01,
         7.23606798e-01]]), np.array([[ 4.52341741e-16, -8.50650808e-01, -3.09016994e-01,
        -4.25325404e-01],
       [ 4.78553912e-17,  2.76393202e-01, -9.51056516e-01,
         1.38196601e-01],
       [ 8.09016994e-01, -2.62865556e-01,  3.96360511e-16,
         5.25731112e-01],
       [-5.87785252e-01, -3.61803399e-01, -8.75113462e-17,
         7.23606798e-01]]), np.array([[-2.75895137e-16,  3.10480338e-17, -3.09016994e-01,
        -9.51056516e-01],
       [-5.25731112e-01,  7.23606798e-01,  4.25325404e-01,
        -1.38196601e-01],
       [ 8.09016994e-01,  5.87785252e-01,  1.13299845e-15,
        -4.97581771e-16],
       [-2.62865556e-01,  3.61803399e-01, -8.50650808e-01,
         2.76393202e-01]]), np.array([[-6.73947783e-16, -5.25731112e-01,  8.09016994e-01,
        -2.62865556e-01],
       [ 3.11840167e-16,  7.23606798e-01,  5.87785252e-01,
         3.61803399e-01],
       [-3.09016994e-01,  4.25325404e-01, -3.04888544e-16,
        -8.50650808e-01],
       [-9.51056516e-01, -1.38196601e-01, -2.51127888e-16,
         2.76393202e-01]]), np.array([[ 2.95507368e-16, -6.09994257e-17, -3.09016994e-01,
         9.51056516e-01],
       [ 5.25731112e-01,  7.23606798e-01, -4.25325404e-01,
        -1.38196601e-01],
       [ 8.09016994e-01, -5.87785252e-01, -9.81342190e-17,
        -2.44959216e-16],
       [ 2.62865556e-01,  3.61803399e-01,  8.50650808e-01,
         2.76393202e-01]]), np.array([[-5.51289496e-16,  5.25731112e-01,  8.09016994e-01,
         2.62865556e-01],
       [ 5.80612896e-16,  7.23606798e-01, -5.87785252e-01,
         3.61803399e-01],
       [-3.09016994e-01, -4.25325404e-01, -1.48671570e-15,
         8.50650808e-01],
       [ 9.51056516e-01, -1.38196601e-01, -5.34036564e-16,
         2.76393202e-01]]), np.array([[-8.09016994e-01,  5.87785252e-01,  3.27261015e-16,
        -1.34268961e-16],
       [ 5.87785252e-01,  8.09016994e-01,  6.92785833e-16,
        -4.41831155e-16],
       [-1.18202302e-15, -1.21445042e-15,  3.09016994e-01,
        -9.51056516e-01],
       [ 7.82453276e-16,  1.66151661e-16, -9.51056516e-01,
        -3.09016994e-01]]), np.array([[-0.30901699, -0.4253254 ,  0.5       , -0.68819096],
       [-0.4253254 , -0.5854102 ,  0.16245985,  0.67082039],
       [ 0.5       ,  0.16245985,  0.80901699,  0.26286556],
       [-0.68819096,  0.67082039,  0.26286556,  0.0854102 ]]), np.array([[ 3.09016994e-01,  9.51056516e-01, -3.15015629e-17,
         2.45703219e-16],
       [ 9.51056516e-01, -3.09016994e-01,  1.25657780e-16,
        -3.83629376e-17],
       [ 8.37128761e-17, -1.06897430e-16, -8.09016994e-01,
         5.87785252e-01],
       [-1.45569577e-17, -1.57374182e-16,  5.87785252e-01,
         8.09016994e-01]]), np.array([[ 3.09016994e-01,  4.25325404e-01, -2.13316760e-16,
        -8.50650808e-01],
       [ 4.25325404e-01,  5.85410197e-01, -5.25731112e-01,
         4.47213595e-01],
       [-5.19240904e-17, -5.25731112e-01, -8.09016994e-01,
        -2.62865556e-01],
       [-8.50650808e-01,  4.47213595e-01, -2.62865556e-01,
        -8.54101966e-02]]), np.array([[ 0.80901699, -0.26286556,  0.5       ,  0.16245985],
       [-0.26286556,  0.0854102 ,  0.68819096, -0.67082039],
       [ 0.5       ,  0.68819096, -0.30901699, -0.4253254 ],
       [ 0.16245985, -0.67082039, -0.4253254 , -0.5854102 ]]), np.array([[-8.09016994e-01, -2.62865556e-01, -6.47168368e-17,
         5.25731112e-01],
       [-2.62865556e-01, -8.54101966e-02, -8.50650808e-01,
        -4.47213595e-01],
       [ 4.59571292e-17, -8.50650808e-01,  3.09016994e-01,
        -4.25325404e-01],
       [ 5.25731112e-01, -4.47213595e-01, -4.25325404e-01,
         5.85410197e-01]]), np.array([[ 3.09016994e-01, -4.25325404e-01, -3.52931223e-16,
         8.50650808e-01],
       [-4.25325404e-01,  5.85410197e-01,  5.25731112e-01,
         4.47213595e-01],
       [-3.72388694e-16,  5.25731112e-01, -8.09016994e-01,
         2.62865556e-01],
       [ 8.50650808e-01,  4.47213595e-01,  2.62865556e-01,
        -8.54101966e-02]]), np.array([[ 0.80901699,  0.26286556,  0.5       , -0.16245985],
       [ 0.26286556,  0.0854102 , -0.68819096, -0.67082039],
       [ 0.5       , -0.68819096, -0.30901699,  0.4253254 ],
       [-0.16245985, -0.67082039,  0.4253254 , -0.5854102 ]]), np.array([[-8.09016994e-01,  2.62865556e-01,  1.17098853e-16,
        -5.25731112e-01],
       [ 2.62865556e-01, -8.54101966e-02,  8.50650808e-01,
        -4.47213595e-01],
       [ 1.94735179e-16,  8.50650808e-01,  3.09016994e-01,
         4.25325404e-01],
       [-5.25731112e-01, -4.47213595e-01,  4.25325404e-01,
         5.85410197e-01]]), np.array([[-8.09016994e-01, -5.87785252e-01, -2.94524664e-16,
         1.61279658e-15],
       [-5.87785252e-01,  8.09016994e-01,  2.54351009e-16,
        -1.84090283e-16],
       [ 1.05910396e-15,  9.20760906e-16,  3.09016994e-01,
         9.51056516e-01],
       [-1.04636362e-15,  2.20417524e-17,  9.51056516e-01,
        -3.09016994e-01]]), np.array([[-0.30901699,  0.4253254 ,  0.5       ,  0.68819096],
       [ 0.4253254 , -0.5854102 , -0.16245985,  0.67082039],
       [ 0.5       , -0.16245985,  0.80901699, -0.26286556],
       [ 0.68819096,  0.67082039, -0.26286556,  0.0854102 ]]), np.array([[ 3.09016994e-01, -9.51056516e-01, -1.08347278e-15,
         2.37450502e-16],
       [-9.51056516e-01, -3.09016994e-01, -2.05007570e-16,
         1.11732824e-15],
       [-8.84566110e-17, -2.63405533e-16, -8.09016994e-01,
        -5.87785252e-01],
       [ 1.10023196e-15,  8.60762099e-16, -5.87785252e-01,
         8.09016994e-01]]), np.array([[-7.26838711e-15, -3.25398924e-15, -1.00000000e+00,
         2.74144085e-15],
       [-5.34689341e-16, -8.94427191e-01, -1.75893449e-15,
        -4.47213595e-01],
       [-1.00000000e+00,  1.35778565e-15,  5.35604405e-15,
         2.75965982e-15],
       [ 3.14513653e-15, -4.47213595e-01,  4.98395792e-15,
         8.94427191e-01]]), np.array([[ 0.        ,  0.        , -1.        ,  0.        ],
       [ 0.        ,  0.89442719,  0.        ,  0.4472136 ],
       [-1.        ,  0.        ,  0.        ,  0.        ],
       [ 0.        ,  0.4472136 ,  0.        , -0.89442719]]), np.array([[ 1.00000000e+00,  4.95679857e-16,  3.41564634e-16,
        -1.11355962e-15],
       [ 8.12377063e-16, -1.00000000e+00, -2.87967053e-16,
         3.54131559e-16],
       [-3.14503001e-16,  2.33981656e-16,  1.00000000e+00,
         4.49871813e-16],
       [-8.56519221e-16, -9.81808500e-16, -4.17356298e-16,
        -1.00000000e+00]]), np.array([[1., 0., 0., 0.],
       [0., 1., 0., 0.],
       [0., 0., 1., 0.],
       [0., 0., 0., 1.]]), np.array([[ 1.48571380e-16, -8.50650808e-01, -3.09016994e-01,
        -4.25325404e-01],
       [-8.68527256e-16, -2.76393202e-01,  9.51056516e-01,
        -1.38196601e-01],
       [ 8.09016994e-01, -2.62865556e-01, -6.57706907e-17,
         5.25731112e-01],
       [ 5.87785252e-01,  3.61803399e-01,  6.16119167e-16,
        -7.23606798e-01]]), np.array([[-0.5       ,  0.68819096,  0.30901699, -0.4253254 ],
       [ 0.16245985, -0.2236068 , -0.4253254 , -0.8618034 ],
       [-0.80901699, -0.26286556, -0.5       ,  0.16245985],
       [ 0.26286556,  0.6381966 , -0.68819096,  0.2236068 ]]), np.array([[-0.5       ,  0.16245985, -0.80901699,  0.26286556],
       [ 0.68819096, -0.2236068 , -0.26286556,  0.6381966 ],
       [ 0.30901699, -0.4253254 , -0.5       , -0.68819096],
       [-0.4253254 , -0.8618034 ,  0.16245985,  0.2236068 ]]), np.array([[ 3.01227046e-16,  4.12548960e-16,  8.09016994e-01,
         5.87785252e-01],
       [-8.50650808e-01, -2.76393202e-01, -2.62865556e-01,
         3.61803399e-01],
       [-3.09016994e-01,  9.51056516e-01,  1.29116981e-17,
         6.38510148e-17],
       [-4.25325404e-01, -1.38196601e-01,  5.25731112e-01,
        -7.23606798e-01]]), np.array([[ 3.15015629e-17,  8.50650808e-01, -3.09016994e-01,
         4.25325404e-01],
       [-1.25657780e-16, -2.76393202e-01, -9.51056516e-01,
        -1.38196601e-01],
       [ 8.09016994e-01,  2.62865556e-01, -8.37128761e-17,
        -5.25731112e-01],
       [-5.87785252e-01,  3.61803399e-01,  1.45569577e-17,
        -7.23606798e-01]]), np.array([[-0.5       , -0.68819096,  0.30901699,  0.4253254 ],
       [-0.16245985, -0.2236068 ,  0.4253254 , -0.8618034 ],
       [-0.80901699,  0.26286556, -0.5       , -0.16245985],
       [-0.26286556,  0.6381966 ,  0.68819096,  0.2236068 ]]), np.array([[-0.5       , -0.16245985, -0.80901699, -0.26286556],
       [-0.68819096, -0.2236068 ,  0.26286556,  0.6381966 ],
       [ 0.30901699,  0.4253254 , -0.5       ,  0.68819096],
